23362.852476,-222.061783,518.144159,11644.65157
23362.852793,-148.041188,370.102971,11644.65157
23362.85311,-148.041188,518.144159,12027.699319
23362.853427,-148.041188,370.102971,11491.43247
23362.853744,-222.061783,444.123565,11568.04202
23362.854061,0.0,370.102971,11721.261119
23362.854378,0.0,370.102971,11644.65157
23362.854695,-592.164754,0.0,11874.480219
23362.855012,0.0,370.102971,11491.43247
23362.855329,-148.041188,444.123565,11874.480219
23362.855646,0.0,518.144159,11644.65157
23362.855963,0.0,592.164754,11721.261119
23362.85628,0.0,592.164754,11644.65157
23362.856596,0.0,444.123565,11644.65157
23362.856913,0.0,592.164754,11721.261119
23362.85723,0.0,518.144159,11568.04202
23362.857547,-148.041188,518.144159,10189.070123
23362.857864,0.0,296.082377,11491.43247
23362.858181,0.0,296.082377,11644.65157
23362.858498,-148.041188,518.144159,11951.089769
23362.858815,-222.061783,370.102971,11644.65157
23362.859132,-740.205942,962.267725,11874.480219
23362.859449,0.0,296.082377,11644.65157
23362.859766,-148.041188,296.082377,11721.261119
23362.860083,-296.082377,444.123565,11874.480219
23362.8604,0.0,370.102971,11721.261119
23362.860716,0.0,296.082377,11108.384721
23362.861033,0.0,370.102971,11568.04202
23362.86135,0.0,666.185348,12104.308868
23362.861667,0.0,444.123565,11644.65157
23362.861984,148.041188,888.24713,11797.870669
23362.862301,0.0,592.164754,11491.43247
23362.862618,148.041188,370.102971,11568.04202
23362.862935,0.0,370.102971,11491.43247
23362.863252,0.0,444.123565,11644.65157
23362.863569,-370.102971,370.102971,11108.384721
23362.863886,-148.041188,444.123565,11644.65157
23362.864203,0.0,444.123565,11491.43247
23362.86452,0.0,444.123565,11721.261119
23362.864837,-370.102971,518.144159,11874.480219
23362.865153,296.082377,0.0,11568.04202
23362.86547,0.0,444.123565,11644.65157
23362.865787,0.0,370.102971,11338.21337
23362.866104,0.0,222.061783,11568.04202
23362.866421,0.0,370.102971,10955.165621
23362.866738,-222.061783,370.102971,11184.994271
23362.867055,0.0,444.123565,11721.261119
23362.867372,0.0,444.123565,11491.43247
23362.867689,0.0,518.144159,11414.82292
23362.868006,74.020594,518.144159,11491.43247
23362.868323,0.0,370.102971,11797.870669
23362.86864,0.0,370.102971,11414.82292
23362.868957,0.0,296.082377,11338.21337
23362.869273,0.0,370.102971,11491.43247
23362.86959,1036.288319,-148.041188,11644.65157
23362.869907,0.0,518.144159,11491.43247
23362.870224,0.0,296.082377,11568.04202
23362.87054,0.0,444.123565,11644.65157
23362.870857,0.0,1110.308913,12257.527968
23362.871174,0.0,296.082377,11261.603821
23362.871491,-370.102971,222.061783,11797.870669
23362.871807,0.0,296.082377,11644.65157
23362.872124,0.0,444.123565,11951.089769
23362.872441,0.0,1184.329507,11414.82292
23362.872758,-148.041188,666.185348,11184.994271
23362.873075,0.0,296.082377,11414.82292
23362.873392,0.0,444.123565,11644.65157
23362.873709,0.0,444.123565,11644.65157
23362.874026,0.0,740.205942,11874.480219
23362.874343,0.0,444.123565,11184.994271
23362.87466,0.0,592.164754,11184.994271
23362.874977,0.0,444.123565,11491.43247
23362.875294,74.020594,222.061783,11644.65157
23362.875611,-518.144159,592.164754,12180.918418
23362.875928,0.0,444.123565,11568.04202
23362.876245,0.0,444.123565,11874.480219
23362.876562,0.0,222.061783,11491.43247
23362.876879,0.0,370.102971,11568.04202
23362.877195,-296.082377,148.041188,11568.04202
23362.877512,-222.061783,296.082377,11491.43247
23362.877829,0.0,518.144159,11491.43247
23362.878146,-222.061783,518.144159,11951.089769
23362.878463,-148.041188,518.144159,13023.623466
23362.87878,0.0,222.061783,11874.480219
23362.879097,0.0,444.123565,11797.870669
23362.879414,0.0,444.123565,11414.82292
23362.879731,0.0,370.102971,11721.261119
23362.880048,814.226536,-444.123565,11797.870669
23362.880365,74.020594,296.082377,11491.43247
23362.880682,0.0,518.144159,11491.43247
23362.880999,0.0,444.123565,11568.04202
23362.881316,0.0,296.082377,11491.43247
23362.881633,-296.082377,1332.370696,12104.308868
23362.88195,0.0,444.123565,11644.65157
23362.882267,0.0,370.102971,11797.870669
23362.882583,0.0,370.102971,11721.261119
23362.8829,-148.041188,444.123565,11568.04202
23362.883217,148.041188,0.0,11951.089769
23362.883534,0.0,222.061783,11721.261119
23362.883851,0.0,370.102971,11644.65157
23362.884168,-148.041188,518.144159,11797.870669
23362.884485,-222.061783,740.205942,11874.480219
23362.884802,0.0,296.082377,11721.261119
23362.885119,0.0,370.102971,11491.43247
23362.885436,0.0,518.144159,11491.43247
23362.885753,0.0,592.164754,11644.65157
23362.88607,296.082377,222.061783,11338.21337
23362.886387,0.0,370.102971,11568.04202
23362.886704,74.020594,370.102971,11414.82292
23362.887021,-148.041188,666.185348,11568.04202
23362.887338,0.0,444.123565,11491.43247
23362.887655,0.0,222.061783,11568.04202
23362.887972,0.0,222.061783,11644.65157
23362.888288,-148.041188,444.123565,11644.65157
23362.888605,0.0,370.102971,11414.82292
23362.888922,0.0,888.24713,11874.480219
23362.889239,0.0,370.102971,11491.43247
23362.889556,0.0,444.123565,11184.994271
23362.889873,-148.041188,444.123565,11568.04202
23362.89019,0.0,296.082377,11491.43247
23362.890507,-370.102971,1110.308913,11721.261119
23362.890824,-148.041188,296.082377,11644.65157
23362.891141,0.0,222.061783,11721.261119
23362.891458,0.0,444.123565,11568.04202
23362.891775,0.0,370.102971,11414.82292
23362.892092,0.0,814.226536,11031.775171
23362.892409,0.0,444.123565,11491.43247
23362.892726,0.0,444.123565,11797.870669
23362.893043,0.0,592.164754,11568.04202
23362.89336,0.0,1332.370696,11184.994271
23362.893676,148.041188,296.082377,10955.165621
23362.893993,0.0,518.144159,11644.65157
23362.89431,0.0,370.102971,11568.04202
23362.894627,0.0,370.102971,11644.65157
23362.894944,-296.082377,666.185348,12717.185267
23362.895261,0.0,444.123565,11568.04202
23362.895578,-148.041188,296.082377,11644.65157
23362.895895,-222.061783,444.123565,11491.43247
23362.896212,0.0,518.144159,11491.43247
23362.896529,0.0,74.020594,11414.82292
23362.896846,-296.082377,444.123565,11491.43247
23362.897163,0.0,222.061783,11874.480219
23362.89748,0.0,296.082377,11644.65157
23362.897797,-148.041188,444.123565,11644.65157
23362.898114,74.020594,296.082377,11491.43247
23362.898431,-296.082377,444.123565,11414.82292
23362.898748,0.0,444.123565,11721.261119
23362.899064,0.0,296.082377,11644.65157
23362.899381,-370.102971,592.164754,12870.404366
23362.899698,0.0,518.144159,11568.04202
23362.900015,74.020594,444.123565,11568.04202
23362.900332,0.0,296.082377,11644.65157
23362.900649,0.0,296.082377,11491.43247
23362.900966,740.205942,0.0,11414.82292
23362.901283,74.020594,296.082377,11568.04202
23362.9016,0.0,444.123565,11797.870669
23362.901917,0.0,370.102971,11721.261119
23362.902234,0.0,814.226536,11338.21337
23362.902551,-296.082377,592.164754,11108.384721
23362.902868,-148.041188,518.144159,11568.04202
23362.903185,0.0,222.061783,11184.994271
23362.903502,0.0,222.061783,11338.21337
23362.903819,0.0,666.185348,11721.261119
23362.904136,0.0,444.123565,11874.480219
23362.904453,-148.041188,370.102971,11491.43247
23362.904769,0.0,370.102971,11644.65157
23362.905086,0.0,518.144159,11721.261119
23362.905403,0.0,1332.370696,11338.21337
23362.90572,0.0,370.102971,11491.43247
23362.906037,0.0,444.123565,11414.82292
23362.906354,0.0,296.082377,11644.65157
23362.906671,-222.061783,518.144159,11874.480219
23362.906988,222.061783,444.123565,11951.089769
23362.907305,-148.041188,592.164754,11414.82292
23362.907622,0.0,666.185348,11874.480219
23362.907939,0.0,592.164754,11644.65157
23362.908256,-1110.308913,814.226536,11338.21337
23362.908573,-148.041188,592.164754,11874.480219
23362.90889,0.0,444.123565,11491.43247
23362.909207,0.0,444.123565,11414.82292
23362.909524,-148.041188,444.123565,11644.65157
23362.909841,-666.185348,518.144159,11414.82292
23362.910157,0.0,370.102971,11721.261119
23362.910474,0.0,296.082377,11338.21337
23362.910791,74.020594,370.102971,11414.82292
23362.911108,0.0,518.144159,11951.089769
23362.911425,0.0,222.061783,11338.21337
23362.911742,-222.061783,518.144159,11797.870669
23362.912059,0.0,444.123565,11644.65157
23362.912376,0.0,296.082377,11414.82292
23362.912693,518.144159,-370.102971,11951.089769
23362.91301,0.0,444.123565,11491.43247
23362.913327,-148.041188,518.144159,11491.43247
23362.913644,0.0,444.123565,11414.82292
23362.913961,-222.061783,518.144159,11491.43247
23362.914278,-296.082377,888.24713,11108.384721
23362.914595,-148.041188,370.102971,11491.43247
23362.914912,0.0,444.123565,11721.261119
23362.915229,-148.041188,444.123565,11568.04202
23362.915545,-148.041188,518.144159,11491.43247
23362.915862,148.041188,370.102971,11261.603821
23362.916179,-222.061783,444.123565,11644.65157
23362.916496,0.0,518.144159,11414.82292
23362.916813,0.0,370.102971,11414.82292
23362.91713,-814.226536,814.226536,11644.65157
23362.917447,-222.061783,444.123565,11644.65157
23362.917764,-222.061783,444.123565,11644.65157
23362.918081,0.0,296.082377,11568.04202
23362.918398,-222.061783,518.144159,11644.65157
23362.918715,814.226536,-592.164754,11031.775171
23362.919032,0.0,296.082377,11491.43247
23362.919349,0.0,592.164754,11338.21337
23362.919666,0.0,444.123565,11414.82292
23362.919983,0.0,592.164754,11797.870669
23362.9203,-592.164754,888.24713,11721.261119
23362.920617,0.0,370.102971,11491.43247
23362.920934,0.0,444.123565,11644.65157
23362.92125,0.0,444.123565,11414.82292
23362.921567,-888.24713,814.226536,11644.65157
23362.921884,-148.041188,444.123565,11797.870669
23362.922201,0.0,296.082377,11491.43247
23362.922518,0.0,296.082377,11491.43247
23362.922835,-222.061783,444.123565,11338.21337
23362.923152,-148.041188,444.123565,12410.747068
23362.923469,0.0,370.102971,11951.089769
23362.923786,0.0,444.123565,11721.261119
23362.924103,0.0,444.123565,11797.870669
23362.92442,0.0,444.123565,11491.43247
23362.924737,-444.123565,296.082377,11031.775171
23362.925054,0.0,370.102971,11338.21337
23362.925371,0.0,444.123565,11491.43247
23362.925688,0.0,444.123565,11644.65157
23362.926005,-222.061783,222.061783,11184.994271
23362.926322,-148.041188,592.164754,11797.870669
23362.926638,0.0,444.123565,11721.261119
23362.926955,0.0,444.123565,11491.43247
23362.927272,0.0,518.144159,11491.43247
23362.927589,0.0,592.164754,12104.308868
23362.927906,0.0,444.123565,11261.603821
23362.928223,-148.041188,370.102971,11797.870669
23362.92854,0.0,518.144159,11261.603821
23362.928857,-148.041188,444.123565,11568.04202
23362.929174,0.0,518.144159,11721.261119
23362.929491,0.0,444.123565,11568.04202
23362.929808,0.0,296.082377,11414.82292
23362.930125,0.0,370.102971,11414.82292
23362.930442,74.020594,370.102971,11491.43247
23362.930759,0.0,444.123565,11491.43247
23362.931076,0.0,370.102971,11644.65157
23362.931393,0.0,370.102971,11414.82292
23362.93171,0.0,444.123565,11644.65157
23362.932026,74.020594,592.164754,13253.452115
23362.932343,0.0,444.123565,11491.43247
23362.93266,0.0,518.144159,11874.480219
23362.932977,0.0,370.102971,11491.43247
23362.933294,0.0,296.082377,11568.04202
23362.933611,-296.082377,222.061783,10955.165621
23362.933928,-148.041188,444.123565,11491.43247
23362.934245,0.0,296.082377,11721.261119
23362.934562,0.0,444.123565,11644.65157
23362.934879,0.0,444.123565,11184.994271
23362.935196,0.0,296.082377,11491.43247
23362.935513,-148.041188,518.144159,11414.82292
23362.93583,-222.061783,444.123565,11644.65157
23362.936147,0.0,370.102971,11568.04202
23362.936464,0.0,518.144159,11874.480219
23362.936781,-592.164754,740.205942,11951.089769
23362.937098,0.0,370.102971,11491.43247
23362.937415,0.0,370.102971,11721.261119
23362.937731,0.0,444.123565,11568.04202
23362.938048,148.041188,296.082377,11874.480219
23362.938365,0.0,592.164754,11797.870669
23362.938682,0.0,370.102971,11414.82292
23362.938999,0.0,296.082377,11338.21337
23362.939316,0.0,370.102971,11338.21337
23362.939633,-518.144159,1184.329507,13559.890315
23362.93995,0.0,518.144159,11338.21337
23362.940267,0.0,222.061783,11491.43247
23362.940584,-148.041188,518.144159,11644.65157
23362.940901,-296.082377,518.144159,11491.43247
23362.941218,-814.226536,518.144159,11644.65157
23362.941535,0.0,296.082377,11491.43247
23362.941852,0.0,296.082377,11414.82292
23362.942169,-148.041188,444.123565,11644.65157
23362.942486,0.0,370.102971,11797.870669
23362.942803,-370.102971,444.123565,11338.21337
23362.943119,74.020594,296.082377,11874.480219
23362.943436,0.0,296.082377,11338.21337
23362.943753,0.0,222.061783,11797.870669
23362.94407,-666.185348,296.082377,13176.842566
23362.944387,0.0,370.102971,11338.21337
23362.944704,-148.041188,518.144159,11797.870669
23362.945021,0.0,444.123565,11644.65157
23362.945338,0.0,444.123565,11568.04202
23362.945655,148.041188,518.144159,11414.82292
23362.945972,0.0,370.102971,11644.65157
23362.946289,-148.041188,296.082377,11721.261119
23362.946606,0.0,370.102971,11644.65157
23362.946923,0.0,222.061783,11568.04202
23362.94724,0.0,222.061783,11414.82292
23362.947557,0.0,222.061783,11644.65157
23362.947874,0.0,444.123565,11568.04202
23362.948191,0.0,444.123565,11568.04202
23362.948507,148.041188,444.123565,11874.480219
23362.948824,0.0,296.082377,11797.870669
23362.949141,0.0,444.123565,11491.43247
23362.949458,0.0,518.144159,11644.65157
23362.949775,0.0,370.102971,11568.04202
23362.950092,370.102971,666.185348,12027.699319
23362.950409,74.020594,518.144159,11721.261119
23362.950726,-148.041188,518.144159,11568.04202
23362.951043,74.020594,296.082377,11491.43247
23362.95136,-222.061783,592.164754,12104.308868
23362.951677,-296.082377,740.205942,11644.65157
23362.951994,0.0,296.082377,11491.43247
23362.952311,74.020594,444.123565,11644.65157
23362.952628,0.0,296.082377,11491.43247
23362.952945,592.164754,296.082377,12257.527968
23362.953262,-296.082377,370.102971,11491.43247
23362.953579,-222.061783,444.123565,11414.82292
23362.953896,-148.041188,370.102971,11721.261119
23362.954212,-148.041188,370.102971,11491.43247
23362.954529,0.0,74.020594,10725.336972
23362.954846,-148.041188,370.102971,11414.82292
23362.955163,0.0,444.123565,11491.43247
23362.95548,0.0,518.144159,11568.04202
23362.955797,74.020594,962.267725,12180.918418
23362.956114,-296.082377,518.144159,11414.82292
23362.956431,0.0,444.123565,11491.43247
23362.956748,0.0,370.102971,11568.04202
23362.957065,74.020594,518.144159,11568.04202
23362.957382,-666.185348,814.226536,10035.851024
23362.957699,0.0,370.102971,11491.43247
23362.958016,0.0,296.082377,11721.261119
23362.958333,0.0,444.123565,11568.04202
23362.95865,-296.082377,444.123565,11721.261119
23362.958967,-518.144159,814.226536,12410.747068
23362.959284,-370.102971,370.102971,11568.04202
23362.9596,-222.061783,518.144159,11721.261119
23362.959917,0.0,296.082377,11338.21337
23362.960234,-296.082377,74.020594,11721.261119
23362.960551,-444.123565,370.102971,11644.65157
23362.960868,-148.041188,444.123565,11644.65157
23362.961185,0.0,370.102971,11491.43247
23362.961502,0.0,444.123565,11491.43247
23362.961819,0.0,518.144159,12257.527968
23362.962136,0.0,518.144159,11874.480219
23362.962453,-148.041188,518.144159,11491.43247
23362.96277,0.0,444.123565,11568.04202
23362.963087,0.0,296.082377,11491.43247
23362.963404,740.205942,370.102971,12410.747068
23362.963721,0.0,444.123565,11644.65157
23362.964038,-148.041188,444.123565,11338.21337
23362.964355,0.0,518.144159,11568.04202
23362.964672,-148.041188,518.144159,12180.918418
23362.964988,-148.041188,518.144159,11951.089769
23362.965305,-222.061783,370.102971,11491.43247
23362.965622,0.0,518.144159,11414.82292
23362.965939,-148.041188,444.123565,11414.82292
23362.966256,0.0,666.185348,12027.699319
23362.966573,-148.041188,592.164754,11568.04202
23362.96689,0.0,444.123565,11568.04202
23362.967207,0.0,370.102971,11568.04202
23362.967524,0.0,518.144159,11414.82292
23362.967841,-740.205942,1480.411884,10648.727422
23362.968158,0.0,370.102971,11644.65157
23362.968475,0.0,444.123565,11568.04202
23362.968792,-148.041188,592.164754,11721.261119
23362.969109,0.0,518.144159,11874.480219
23362.969426,-296.082377,370.102971,11184.994271
23362.969743,0.0,370.102971,11644.65157
23362.97006,0.0,444.123565,11874.480219
23362.970377,74.020594,444.123565,12180.918418
23362.970694,-444.123565,296.082377,12870.404366
23362.971011,0.0,444.123565,11874.480219
23362.971328,0.0,444.123565,11644.65157
23362.971644,0.0,518.144159,10801.946522
23362.971961,0.0,444.123565,11721.261119
23362.972278,-148.041188,1184.329507,12487.356617
23362.972595,-148.041188,370.102971,11491.43247
23362.972912,-148.041188,370.102971,11414.82292
23362.973229,0.0,296.082377,11414.82292
23362.973546,0.0,296.082377,11414.82292
23362.973863,0.0,518.144159,11338.21337
23362.97418,0.0,444.123565,11644.65157
23362.974497,0.0,370.102971,11721.261119
23362.974814,0.0,666.185348,11568.04202
23362.975131,0.0,222.061783,11491.43247
23362.975448,666.185348,222.061783,12027.699319
23362.975765,0.0,518.144159,11797.870669
23362.976082,-148.041188,370.102971,11721.261119
23362.976399,0.0,370.102971,11797.870669
23362.976716,0.0,666.185348,11644.65157
23362.977033,0.0,222.061783,11491.43247
23362.97735,0.0,370.102971,11644.65157
23362.977667,-222.061783,518.144159,11338.21337
23362.977984,0.0,222.061783,11414.82292
23362.978301,0.0,296.082377,11414.82292
23362.978618,0.0,370.102971,11261.603821
23362.978935,0.0,370.102971,11338.21337
23362.979252,0.0,518.144159,11491.43247
23362.979569,0.0,444.123565,11338.21337
23362.979885,444.123565,222.061783,12334.137518
23362.980202,-148.041188,444.123565,11721.261119
23362.980519,0.0,518.144159,11414.82292
23362.980836,74.020594,296.082377,11491.43247
23362.981153,0.0,370.102971,11491.43247
23362.98147,74.020594,888.24713,11414.82292
23362.981787,0.0,370.102971,11568.04202
23362.982104,74.020594,222.061783,11338.21337
23362.982421,0.0,222.061783,11644.65157
23362.982738,-148.041188,444.123565,11874.480219
23362.983055,0.0,148.041188,11491.43247
23362.983372,0.0,370.102971,11644.65157
23362.983689,0.0,370.102971,11568.04202
23362.984006,0.0,518.144159,11414.82292
23362.984323,-148.041188,370.102971,12257.527968
23362.98464,-370.102971,444.123565,11721.261119
23362.984957,-222.061783,296.082377,11414.82292
23362.985274,0.0,370.102971,11644.65157
23362.985591,0.0,444.123565,11721.261119
23362.985908,-518.144159,444.123565,12563.966167
23362.986225,0.0,296.082377,11414.82292
23362.986542,0.0,592.164754,11491.43247
23362.986859,0.0,592.164754,11491.43247
23362.987176,0.0,444.123565,11568.04202
23362.987493,-592.164754,444.123565,11951.089769
23362.98781,-148.041188,370.102971,11644.65157
23362.988126,0.0,222.061783,11491.43247
23362.988443,0.0,444.123565,11644.65157
23362.98876,-74.020594,1184.329507,12027.699319
23362.989077,0.0,370.102971,11261.603821
23362.989394,0.0,222.061783,11797.870669
23362.989711,0.0,444.123565,11568.04202
23362.990028,0.0,296.082377,11491.43247
23362.990345,-518.144159,962.267725,10495.508323
23362.990662,0.0,444.123565,11338.21337
23362.990979,-296.082377,518.144159,11491.43247
23362.991296,0.0,296.082377,11491.43247
23362.991613,-148.041188,444.123565,11568.04202
23362.99193,296.082377,222.061783,11338.21337
23362.992247,-296.082377,444.123565,11721.261119
23362.992564,0.0,444.123565,11338.21337
23362.992881,0.0,296.082377,11644.65157
23362.993198,296.082377,666.185348,10342.289223
23362.993515,0.0,518.144159,11491.43247
23362.993832,0.0,444.123565,11644.65157
23362.994149,0.0,444.123565,11644.65157
23362.994466,0.0,296.082377,11721.261119
23362.994783,-666.185348,666.185348,11568.04202
23362.9951,0.0,518.144159,11414.82292
23362.995417,0.0,370.102971,11568.04202
23362.995734,0.0,444.123565,11568.04202
23362.996051,0.0,518.144159,11874.480219
23362.996367,222.061783,518.144159,12027.699319
23362.996684,-148.041188,370.102971,11644.65157
23362.997001,0.0,444.123565,11568.04202
23362.997318,-148.041188,296.082377,11951.089769
23362.997635,370.102971,592.164754,10648.727422
23362.997952,0.0,740.205942,11491.43247
23362.998269,0.0,444.123565,11491.43247
23362.998586,0.0,370.102971,11491.43247
23362.998903,0.0,370.102971,11644.65157
23362.99922,-296.082377,296.082377,11951.089769
23362.999537,0.0,444.123565,11568.04202
23362.999854,0.0,296.082377,11797.870669
23363.000171,0.0,444.123565,11721.261119
23363.000488,-148.041188,444.123565,11568.04202
23363.000805,-148.041188,296.082377,11261.603821
23363.001122,0.0,444.123565,11414.82292
23363.001439,0.0,370.102971,11261.603821
23363.001756,0.0,370.102971,11491.43247
23363.002073,0.0,592.164754,11108.384721
23363.00239,-148.041188,370.102971,11874.480219
23363.002707,0.0,296.082377,11338.21337
23363.003024,0.0,370.102971,11491.43247
23363.003341,-222.061783,1480.411884,11261.603821
23363.003658,1554.432478,-962.267725,11338.21337
23363.003975,1924.535449,666.185348,10648.727422
23363.004292,2294.63842,0.0,11951.089769
23363.004608,1702.473667,1628.453072,12104.308868
23363.004925,1258.350101,444.123565,12257.527968
23363.005242,-666.185348,2220.617826,12180.918418
23363.005559,-2072.576638,1850.514855,12487.356617
23363.005876,-3182.885551,814.226536,11031.775171
23363.006193,-3034.844362,-148.041188,11108.384721
23363.00651,-2220.617826,-962.267725,11338.21337
23363.006827,-1110.308913,-1850.514855,10189.070123
23363.007144,-296.082377,-1332.370696,9882.631924
23363.007461,740.205942,-1184.329507,10801.946522
23363.007778,1036.288319,0.0,12027.699319
23363.008095,1332.370696,592.164754,14402.595362
23363.008412,-222.061783,2886.803174,13483.280765
23363.008729,-518.144159,1924.535449,13330.061665
23363.009046,-888.24713,740.205942,12487.356617
23363.009363,-888.24713,0.0,11184.994271
23363.00968,-148.041188,-592.164754,8886.707777
23363.009997,518.144159,-1332.370696,9652.803275
23363.010314,740.205942,-518.144159,10648.727422
23363.010631,1554.432478,0.0,11261.603821
23363.010948,2146.597232,1036.288319,12180.918418
23363.011265,814.226536,2294.63842,12793.794817
23363.011582,296.082377,2516.700203,12793.794817
23363.011899,0.0,2220.617826,12793.794817
23363.012216,-740.205942,1554.432478,12257.527968
23363.012533,-666.185348,0.0,11261.603821
23363.012849,0.0,-592.164754,10189.070123
23363.013166,222.061783,-1554.432478,10035.851024
23363.013483,296.082377,-1184.329507,10418.898773
23363.0138,444.123565,-370.102971,10878.556072
23363.014117,148.041188,962.267725,12640.575717
23363.014434,-148.041188,1332.370696,12793.794817
23363.014751,-1332.370696,2146.597232,12793.794817
23363.015068,-1554.432478,1924.535449,12257.527968
23363.015385,-1480.411884,666.185348,11721.261119
23363.015702,-1554.432478,-296.082377,10648.727422
23363.016019,-1036.288319,-1184.329507,10342.289223
23363.016336,0.0,-1258.350101,10189.070123
23363.016653,0.0,-740.205942,11031.775171
23363.01697,518.144159,0.0,11797.870669
23363.017287,518.144159,1110.308913,12334.137518
23363.017604,518.144159,1702.473667,12870.404366
23363.017921,74.020594,2072.576638,12793.794817
23363.018238,0.0,1702.473667,12257.527968
23363.018555,296.082377,814.226536,11797.870669
23363.018872,592.164754,0.0,11568.04202
23363.019189,740.205942,-592.164754,10878.556072
23363.019506,1184.329507,-592.164754,10878.556072
23363.019823,962.267725,-222.061783,11261.603821
23363.02014,666.185348,444.123565,11568.04202
23363.020457,296.082377,1332.370696,12947.013916
23363.020774,-370.102971,1628.453072,12487.356617
23363.02109,-888.24713,1554.432478,12257.527968
23363.021407,-962.267725,1110.308913,11414.82292
23363.021724,-888.24713,370.102971,11108.384721
23363.022041,-666.185348,-592.164754,10265.679673
23363.022358,-518.144159,-518.144159,10648.727422
23363.022675,-296.082377,-518.144159,10955.165621
23363.022992,-222.061783,-222.061783,11721.261119
23363.023309,-296.082377,592.164754,11031.775171
23363.023626,-518.144159,1110.308913,12410.747068
23363.023943,-222.061783,1184.329507,12180.918418
23363.02426,-222.061783,1036.288319,12027.699319
23363.024577,0.0,370.102971,11261.603821
23363.024894,296.082377,-74.020594,10189.070123
23363.025211,518.144159,-148.041188,10878.556072
23363.025528,518.144159,-148.041188,11031.775171
23363.025845,592.164754,0.0,11338.21337
23363.026162,444.123565,444.123565,11797.870669
23363.026479,518.144159,444.123565,12257.527968
23363.026796,222.061783,1184.329507,12104.308868
23363.027113,0.0,1184.329507,12180.918418
23363.02743,74.020594,740.205942,11491.43247
23363.027747,0.0,666.185348,11184.994271
23363.028064,370.102971,0.0,11338.21337
23363.028381,0.0,0.0,11261.603821
23363.028698,0.0,0.0,11644.65157
23363.029015,-148.041188,74.020594,11721.261119
23363.029332,0.0,-370.102971,11797.870669
23363.029648,-518.144159,592.164754,11874.480219
23363.029965,-740.205942,814.226536,11797.870669
23363.030282,-518.144159,444.123565,11797.870669
23363.030599,-592.164754,592.164754,11491.43247
23363.030916,-1036.288319,740.205942,11721.261119
23363.031233,-370.102971,0.0,11568.04202
23363.03155,-518.144159,148.041188,11261.603821
23363.031867,-296.082377,296.082377,11261.603821
23363.032184,0.0,296.082377,11721.261119
23363.032501,0.0,888.24713,11568.04202
23363.032818,0.0,814.226536,11568.04202
23363.033135,0.0,814.226536,11721.261119
23363.033452,74.020594,740.205942,11414.82292
23363.033769,592.164754,444.123565,11644.65157
23363.034086,296.082377,296.082377,11721.261119
23363.034403,296.082377,444.123565,11721.261119
23363.03472,222.061783,444.123565,11568.04202
23363.035037,74.020594,518.144159,11721.261119
23363.035354,592.164754,222.061783,12563.966167
23363.035671,0.0,296.082377,11721.261119
23363.035988,-222.061783,370.102971,11491.43247
23363.036305,0.0,74.020594,11721.261119
23363.036622,0.0,370.102971,11568.04202
23363.036939,-518.144159,370.102971,11721.261119
23363.037256,-444.123565,296.082377,11491.43247
23363.037573,-444.123565,370.102971,11644.65157
23363.037889,-296.082377,518.144159,11568.04202
23363.038206,-370.102971,592.164754,11031.775171
23363.038523,-222.061783,296.082377,11644.65157
23363.03884,-148.041188,370.102971,11491.43247
23363.039157,0.0,370.102971,11568.04202
23363.039474,0.0,518.144159,11491.43247
23363.039791,0.0,0.0,11338.21337
23363.040108,0.0,592.164754,11874.480219
23363.040425,0.0,666.185348,11797.870669
23363.040742,148.041188,518.144159,11491.43247
23363.041059,0.0,592.164754,11568.04202
23363.041376,518.144159,592.164754,12257.527968
23363.041693,222.061783,222.061783,11644.65157
23363.04201,74.020594,222.061783,11491.43247
23363.042327,0.0,370.102971,11491.43247
23363.042644,74.020594,444.123565,10955.165621
23363.042961,-370.102971,740.205942,11491.43247
23363.043278,0.0,444.123565,11721.261119
23363.043595,0.0,296.082377,11874.480219
23363.043912,-296.082377,518.144159,11644.65157
23363.044229,-148.041188,0.0,10035.851024
23363.044546,0.0,74.020594,11338.21337
23363.044863,0.0,74.020594,11338.21337
23363.04518,0.0,296.082377,11338.21337
23363.045497,0.0,148.041188,11568.04202
23363.045814,0.0,666.185348,11338.21337
23363.04613,0.0,444.123565,11797.870669
23363.046447,0.0,592.164754,11568.04202
23363.046764,-296.082377,666.185348,11874.480219
23363.047081,0.0,444.123565,10955.165621
23363.047398,0.0,444.123565,11721.261119
23363.047715,0.0,370.102971,11568.04202
23363.048032,0.0,370.102971,11644.65157
23363.048349,0.0,296.082377,11414.82292
23363.048666,296.082377,592.164754,11644.65157
23363.048983,0.0,592.164754,11721.261119
23363.0493,0.0,518.144159,11568.04202
23363.049617,0.0,592.164754,11644.65157
23363.049934,148.041188,444.123565,11797.870669
23363.050251,592.164754,666.185348,11414.82292
23363.050568,148.041188,296.082377,11721.261119
23363.050885,-148.041188,370.102971,11491.43247
23363.051202,-222.061783,370.102971,11414.82292
23363.051519,-296.082377,296.082377,12027.699319
23363.051836,0.0,592.164754,11721.261119
23363.052153,-222.061783,518.144159,11721.261119
23363.05247,-222.061783,370.102971,11721.261119
23363.052787,0.0,370.102971,11338.21337
23363.053104,-1184.329507,592.164754,11568.04202
23363.053421,0.0,370.102971,11491.43247
23363.053738,0.0,222.061783,11491.43247
23363.054055,0.0,296.082377,11414.82292
23363.054371,0.0,370.102971,11338.21337
23363.054688,370.102971,-222.061783,10955.165621
23363.055005,0.0,370.102971,11568.04202
23363.055322,0.0,518.144159,11568.04202
23363.055639,0.0,444.123565,11721.261119
23363.055956,0.0,666.185348,11568.04202
23363.056273,148.041188,518.144159,11721.261119
23363.05659,148.041188,444.123565,11568.04202
23363.056907,0.0,518.144159,11568.04202
23363.057224,0.0,592.164754,11184.994271
23363.057541,296.082377,222.061783,11261.603821
23363.057858,0.0,296.082377,11568.04202
23363.058175,0.0,444.123565,11644.65157
23363.058492,0.0,444.123565,11414.82292
23363.058809,0.0,222.061783,11491.43247
23363.059126,-222.061783,0.0,11338.21337
23363.059443,0.0,444.123565,11644.65157
23363.05976,0.0,296.082377,11568.04202
23363.060077,0.0,518.144159,11644.65157
23363.060394,0.0,444.123565,11644.65157
23363.060711,-592.164754,814.226536,11491.43247
23363.061028,-222.061783,370.102971,11644.65157
23363.061345,-148.041188,370.102971,11644.65157
23363.061662,0.0,444.123565,11491.43247
23363.061979,-592.164754,444.123565,11261.603821
23363.062296,0.0,666.185348,11721.261119
23363.062612,0.0,592.164754,11568.04202
23363.062929,74.020594,444.123565,11491.43247
23363.063246,0.0,592.164754,11568.04202
23363.063563,370.102971,370.102971,13253.452115
23363.06388,0.0,518.144159,11721.261119
23363.064197,0.0,370.102971,11721.261119
23363.064514,0.0,296.082377,11644.65157
23363.064831,0.0,296.082377,11568.04202
23363.065148,0.0,666.185348,11491.43247
23363.065465,-148.041188,444.123565,11644.65157
23363.065782,-296.082377,592.164754,11644.65157
23363.066099,0.0,444.123565,11644.65157
23363.066416,0.0,518.144159,11414.82292
23363.066733,0.0,370.102971,11721.261119
23363.06705,74.020594,222.061783,11491.43247
23363.067367,0.0,222.061783,11721.261119
23363.067684,-148.041188,444.123565,11491.43247
23363.068001,-148.041188,370.102971,11721.261119
23363.068318,-296.082377,518.144159,11721.261119
23363.068635,-148.041188,518.144159,11568.04202
23363.068952,0.0,518.144159,11414.82292
23363.069269,0.0,444.123565,11644.65157
23363.069586,0.0,1628.453072,11797.870669
23363.069903,0.0,518.144159,11874.480219
