23356.62139,0.0,370.102971,11491.43247
23356.621707,0.0,518.144159,11491.43247
23356.622024,0.0,518.144159,11568.04202
23356.622341,296.082377,888.24713,12104.308868
23356.622658,0.0,444.123565,11644.65157
23356.622975,74.020594,296.082377,11797.870669
23356.623292,0.0,296.082377,11261.603821
23356.623609,0.0,518.144159,11568.04202
23356.623926,-666.185348,296.082377,11644.65157
23356.624243,-296.082377,296.082377,11644.65157
23356.62456,-222.061783,518.144159,11414.82292
23356.624877,0.0,148.041188,11644.65157
23356.625194,0.0,444.123565,12104.308868
23356.625511,0.0,518.144159,11644.65157
23356.625827,0.0,222.061783,11491.43247
23356.626144,0.0,370.102971,11644.65157
23356.626461,0.0,518.144159,11491.43247
23356.626778,-296.082377,222.061783,11261.603821
23356.627095,-148.041188,518.144159,11721.261119
23356.627412,0.0,444.123565,11951.089769
23356.627729,0.0,518.144159,11568.04202
23356.628046,74.020594,592.164754,11261.603821
23356.628363,0.0,592.164754,11338.21337
23356.62868,-148.041188,518.144159,11414.82292
23356.628997,148.041188,444.123565,11644.65157
23356.629314,0.0,518.144159,11261.603821
23356.629631,0.0,518.144159,11644.65157
23356.629948,74.020594,370.102971,11644.65157
23356.630265,0.0,518.144159,11721.261119
23356.630582,-296.082377,444.123565,11491.43247
23356.630899,-148.041188,518.144159,11338.21337
23356.631216,296.082377,370.102971,12334.137518
23356.631532,-222.061783,444.123565,11644.65157
23356.631849,-296.082377,370.102971,11721.261119
23356.632166,0.0,296.082377,11644.65157
23356.632483,0.0,222.061783,11644.65157
23356.6328,-296.082377,814.226536,10955.165621
23356.633117,0.0,296.082377,11644.65157
23356.633434,0.0,296.082377,11491.43247
23356.633751,0.0,444.123565,11721.261119
23356.634068,0.0,370.102971,11644.65157
23356.634385,0.0,518.144159,11568.04202
23356.634702,-148.041188,518.144159,11644.65157
23356.635019,0.0,444.123565,11261.603821
23356.635336,0.0,592.164754,11338.21337
23356.635653,666.185348,74.020594,11721.261119
23356.63597,-222.061783,444.123565,11338.21337
23356.636287,-148.041188,444.123565,11797.870669
23356.636604,74.020594,296.082377,11951.089769
23356.636921,0.0,592.164754,11491.43247
23356.637237,0.0,222.061783,10648.727422
23356.637554,-222.061783,518.144159,11644.65157
23356.637871,-296.082377,444.123565,11644.65157
23356.638188,-222.061783,370.102971,11414.82292
23356.638505,-222.061783,74.020594,11568.04202
23356.638822,-222.061783,1036.288319,11874.480219
23356.639139,0.0,370.102971,11491.43247
23356.639456,0.0,296.082377,11414.82292
23356.639773,0.0,296.082377,11644.65157
23356.64009,0.0,666.185348,12640.575717
23356.640407,-222.061783,370.102971,11261.603821
23356.640724,0.0,444.123565,11568.04202
23356.641041,0.0,370.102971,11338.21337
23356.641358,0.0,444.123565,11414.82292
23356.641675,0.0,518.144159,11491.43247
23356.641992,148.041188,518.144159,11644.65157
23356.642308,74.020594,592.164754,11261.603821
23356.642625,74.020594,370.102971,11491.43247
23356.642942,0.0,296.082377,11568.04202
23356.643259,-740.205942,518.144159,11491.43247
23356.643576,0.0,296.082377,11644.65157
23356.643893,-370.102971,518.144159,11797.870669
23356.64421,0.0,296.082377,11644.65157
23356.644527,-222.061783,296.082377,11797.870669
23356.644844,222.061783,-222.061783,11184.994271
23356.645161,0.0,370.102971,11491.43247
23356.645478,0.0,296.082377,11491.43247
23356.645795,-296.082377,518.144159,11568.04202
23356.646112,-222.061783,592.164754,11338.21337
23356.646429,0.0,518.144159,11644.65157
23356.646746,0.0,444.123565,11491.43247
23356.647063,0.0,518.144159,11414.82292
23356.647379,0.0,444.123565,11261.603821
23356.647696,0.0,666.185348,13330.061665
23356.648013,0.0,592.164754,11568.04202
23356.64833,148.041188,370.102971,11874.480219
23356.648647,0.0,370.102971,11644.65157
23356.648964,0.0,444.123565,11721.261119
23356.649281,814.226536,518.144159,10418.898773
23356.649598,0.0,518.144159,11568.04202
23356.649915,0.0,296.082377,11721.261119
23356.650232,0.0,296.082377,11797.870669
23356.650549,0.0,370.102971,11797.870669
23356.650866,296.082377,370.102971,10725.336972
23356.651183,-148.041188,444.123565,11644.65157
23356.6515,-222.061783,370.102971,11644.65157
23356.651817,-222.061783,518.144159,11338.21337
23356.652134,0.0,296.082377,10648.727422
23356.65245,-296.082377,592.164754,10878.556072
23356.652767,0.0,518.144159,11491.43247
23356.653084,0.0,518.144159,11414.82292
23356.653401,-296.082377,444.123565,11414.82292
23356.653718,148.041188,592.164754,10342.289223
23356.654035,-148.041188,444.123565,11644.65157
23356.654352,0.0,518.144159,11568.04202
23356.654669,74.020594,444.123565,11414.82292
23356.654986,0.0,370.102971,11721.261119
23356.655303,-370.102971,888.24713,10878.556072
23356.65562,148.041188,296.082377,11644.65157
23356.655937,0.0,444.123565,11568.04202
23356.656254,-148.041188,444.123565,11491.43247
23356.656571,0.0,370.102971,11338.21337
23356.656888,0.0,444.123565,11797.870669
23356.657205,-222.061783,370.102971,11568.04202
23356.657521,-296.082377,444.123565,11414.82292
23356.657838,-148.041188,444.123565,11568.04202
23356.658155,-370.102971,0.0,11644.65157
23356.658472,0.0,370.102971,11797.870669
23356.658789,-222.061783,296.082377,11491.43247
23356.659106,0.0,444.123565,11568.04202
23356.659423,0.0,370.102971,11491.43247
23356.65974,0.0,740.205942,10725.336972
23356.660057,0.0,444.123565,11491.43247
23356.660374,74.020594,370.102971,11491.43247
23356.660691,0.0,444.123565,11721.261119
23356.661008,0.0,444.123565,11644.65157
23356.661325,-592.164754,888.24713,11951.089769
23356.661642,0.0,592.164754,11414.82292
23356.661959,0.0,444.123565,11568.04202
23356.662276,0.0,592.164754,11491.43247
23356.662592,0.0,518.144159,12487.356617
23356.662909,0.0,444.123565,11338.21337
23356.663226,-222.061783,444.123565,11568.04202
23356.663543,-222.061783,444.123565,11721.261119
23356.66386,-296.082377,444.123565,11644.65157
23356.664177,-444.123565,962.267725,12334.137518
23356.664494,0.0,444.123565,11338.21337
23356.664811,0.0,370.102971,11644.65157
23356.665128,0.0,444.123565,11644.65157
23356.665445,0.0,666.185348,11414.82292
23356.665762,-518.144159,1184.329507,12104.308868
23356.666079,0.0,518.144159,11491.43247
23356.666396,-148.041188,592.164754,11491.43247
23356.666713,0.0,370.102971,11568.04202
23356.66703,0.0,222.061783,11261.603821
23356.667347,0.0,518.144159,11184.994271
23356.667663,0.0,444.123565,11721.261119
23356.66798,0.0,222.061783,11491.43247
23356.668297,0.0,444.123565,11721.261119
23356.668614,-148.041188,888.24713,11184.994271
23356.668931,0.0,518.144159,11491.43247
23356.669248,0.0,444.123565,11414.82292
23356.669565,0.0,444.123565,11491.43247
23356.669882,0.0,222.061783,11568.04202
23356.670199,-148.041188,444.123565,12334.137518
23356.670516,0.0,444.123565,11874.480219
23356.670833,74.020594,296.082377,11568.04202
23356.67115,0.0,370.102971,11491.43247
23356.671467,0.0,444.123565,10878.556072
23356.671784,0.0,148.041188,11031.775171
23356.672101,-148.041188,666.185348,11644.65157
23356.672418,0.0,148.041188,11721.261119
23356.672734,-148.041188,518.144159,11491.43247
23356.673051,74.020594,444.123565,11568.04202
23356.673368,0.0,296.082377,11721.261119
23356.673685,0.0,444.123565,11644.65157
23356.674002,0.0,518.144159,11721.261119
23356.674319,0.0,444.123565,11644.65157
23356.674636,-666.185348,74.020594,10572.117872
23356.674953,0.0,296.082377,11568.04202
23356.67527,-296.082377,518.144159,11644.65157
23356.675587,0.0,444.123565,11491.43247
23356.675904,0.0,222.061783,11491.43247
23356.676221,0.0,592.164754,11721.261119
23356.676538,0.0,296.082377,11491.43247
23356.676855,0.0,444.123565,11568.04202
23356.677172,-222.061783,518.144159,11568.04202
23356.677489,0.0,0.0,11644.65157
23356.677805,74.020594,296.082377,11797.870669
23356.678122,0.0,592.164754,11491.43247
23356.678439,-222.061783,370.102971,11644.65157
23356.678756,0.0,444.123565,11491.43247
23356.679073,370.102971,148.041188,12027.699319
23356.67939,0.0,444.123565,11491.43247
23356.679707,0.0,296.082377,11951.089769
23356.680024,0.0,296.082377,11951.089769
23356.680341,0.0,370.102971,11568.04202
23356.680658,370.102971,74.020594,11874.480219
23356.680975,0.0,370.102971,11721.261119
23356.681292,0.0,518.144159,11491.43247
23356.681609,0.0,296.082377,11644.65157
23356.681926,370.102971,296.082377,13023.623466
23356.682243,0.0,518.144159,11491.43247
23356.68256,0.0,518.144159,11491.43247
23356.682876,-296.082377,592.164754,11491.43247
23356.683193,0.0,444.123565,11951.089769
23356.68351,-592.164754,666.185348,12410.747068
23356.683827,0.0,444.123565,11491.43247
23356.684144,0.0,370.102971,11568.04202
23356.684461,0.0,370.102971,11568.04202
23356.684778,0.0,518.144159,11644.65157
23356.685095,0.0,0.0,11797.870669
23356.685412,0.0,296.082377,11644.65157
23356.685729,0.0,222.061783,11644.65157
23356.686046,0.0,296.082377,11721.261119
23356.686363,0.0,296.082377,12334.137518
23356.68668,0.0,370.102971,11031.775171
23356.686997,0.0,518.144159,11491.43247
23356.687314,0.0,296.082377,11261.603821
23356.687631,-148.041188,592.164754,11414.82292
23356.687948,0.0,370.102971,11951.089769
23356.688264,-222.061783,518.144159,11721.261119
23356.688581,-148.041188,444.123565,11568.04202
23356.688898,0.0,370.102971,11491.43247
23356.689215,-148.041188,444.123565,11721.261119
23356.689532,-518.144159,962.267725,12180.918418
23356.689849,0.0,444.123565,11568.04202
23356.690166,0.0,222.061783,11874.480219
23356.690483,0.0,444.123565,11491.43247
23356.6908,0.0,222.061783,10801.946522
23356.691117,296.082377,222.061783,12104.308868
23356.691434,148.041188,222.061783,11568.04202
23356.691751,0.0,518.144159,11797.870669
23356.692068,0.0,518.144159,11797.870669
23356.692385,0.0,296.082377,11184.994271
23356.692702,0.0,592.164754,11797.870669
23356.693019,0.0,444.123565,11491.43247
23356.693335,0.0,370.102971,11644.65157
23356.693652,0.0,370.102971,11568.04202
23356.693969,0.0,-148.041188,11184.994271
23356.694286,0.0,444.123565,11414.82292
23356.694603,0.0,370.102971,11644.65157
23356.69492,-148.041188,370.102971,11491.43247
23356.695237,0.0,370.102971,11721.261119
23356.695554,-518.144159,962.267725,11644.65157
23356.695871,0.0,444.123565,11491.43247
23356.696188,-296.082377,518.144159,11874.480219
23356.696505,0.0,370.102971,11414.82292
23356.696822,74.020594,296.082377,12104.308868
23356.697139,0.0,370.102971,11874.480219
23356.697456,0.0,444.123565,11491.43247
23356.697773,0.0,370.102971,11491.43247
23356.69809,0.0,444.123565,11568.04202
23356.698406,0.0,814.226536,9882.631924
23356.698723,0.0,518.144159,11261.603821
23356.69904,0.0,518.144159,11644.65157
23356.699357,0.0,444.123565,11414.82292
23356.699674,148.041188,296.082377,11568.04202
23356.699991,-148.041188,814.226536,11184.994271
23356.700308,0.0,592.164754,11644.65157
23356.700625,74.020594,296.082377,11644.65157
23356.700942,0.0,370.102971,11491.43247
23356.701259,592.164754,0.0,11644.65157
23356.701576,0.0,370.102971,11184.994271
23356.701893,0.0,370.102971,11644.65157
23356.70221,-296.082377,518.144159,11721.261119
23356.702527,-148.041188,444.123565,11568.04202
23356.702844,0.0,148.041188,10112.460574
23356.703161,-222.061783,444.123565,11491.43247
23356.703477,0.0,370.102971,11568.04202
23356.703794,0.0,518.144159,11644.65157
23356.704111,0.0,370.102971,11797.870669
23356.704428,0.0,296.082377,10725.336972
23356.704745,0.0,518.144159,11644.65157
23356.705062,0.0,370.102971,11568.04202
23356.705379,0.0,518.144159,11338.21337
23356.705696,0.0,0.0,11721.261119
23356.706013,74.020594,296.082377,11338.21337
23356.70633,0.0,370.102971,11797.870669
23356.706647,148.041188,296.082377,11874.480219
23356.706964,0.0,444.123565,11721.261119
23356.707281,-1036.288319,1110.308913,11644.65157
23356.707598,0.0,222.061783,11491.43247
23356.707915,-296.082377,518.144159,11721.261119
23356.708232,0.0,444.123565,11644.65157
23356.708548,-370.102971,370.102971,11797.870669
23356.708865,296.082377,592.164754,11414.82292
23356.709182,-296.082377,518.144159,11797.870669
23356.709499,0.0,444.123565,11644.65157
23356.709816,0.0,296.082377,11568.04202
23356.710133,-222.061783,370.102971,11644.65157
23356.71045,370.102971,148.041188,11568.04202
23356.710767,0.0,444.123565,11491.43247
23356.711084,0.0,370.102971,11721.261119
23356.711401,74.020594,444.123565,11414.82292
23356.711718,-296.082377,518.144159,12257.527968
23356.712035,74.020594,444.123565,11414.82292
23356.712352,0.0,296.082377,11491.43247
23356.712669,0.0,592.164754,11491.43247
23356.712986,0.0,444.123565,11644.65157
23356.713303,0.0,592.164754,11644.65157
23356.713619,-148.041188,296.082377,11874.480219
23356.713936,0.0,444.123565,11721.261119
23356.714253,0.0,444.123565,11874.480219
23356.71457,0.0,518.144159,11721.261119
23356.714887,0.0,592.164754,11644.65157
23356.715204,-296.082377,444.123565,11797.870669
23356.715521,-148.041188,444.123565,11414.82292
23356.715838,0.0,370.102971,11338.21337
23356.716155,-740.205942,666.185348,12410.747068
23356.716472,148.041188,444.123565,11644.65157
23356.716789,0.0,370.102971,11721.261119
23356.717106,0.0,592.164754,11644.65157
23356.717423,0.0,518.144159,11797.870669
23356.71774,-888.24713,444.123565,10572.117872
23356.718057,0.0,444.123565,11338.21337
23356.718374,0.0,296.082377,11491.43247
23356.71869,0.0,518.144159,11491.43247
23356.719007,0.0,296.082377,11414.82292
23356.719324,74.020594,740.205942,11797.870669
23356.719641,0.0,444.123565,11721.261119
23356.719958,0.0,518.144159,11721.261119
23356.720275,0.0,444.123565,11568.04202
23356.720592,-222.061783,444.123565,11338.21337
23356.720909,-148.041188,518.144159,12257.527968
23356.721226,0.0,296.082377,11721.261119
23356.721543,-148.041188,222.061783,11491.43247
23356.72186,-148.041188,370.102971,11644.65157
23356.722177,-222.061783,296.082377,11491.43247
23356.722494,0.0,0.0,11031.775171
23356.722811,0.0,222.061783,11721.261119
23356.723128,0.0,296.082377,11568.04202
23356.723445,0.0,296.082377,11721.261119
23356.723761,-148.041188,518.144159,11338.21337
23356.724078,222.061783,666.185348,11951.089769
23356.724395,-148.041188,444.123565,11874.480219
23356.724712,0.0,518.144159,11721.261119
23356.725029,0.0,370.102971,11491.43247
23356.725346,0.0,592.164754,11644.65157
23356.725663,296.082377,518.144159,11261.603821
23356.72598,0.0,666.185348,11874.480219
23356.726297,0.0,370.102971,11644.65157
23356.726614,0.0,518.144159,11491.43247
23356.726931,0.0,518.144159,11797.870669
23356.727248,148.041188,444.123565,12027.699319
23356.727565,-222.061783,592.164754,11644.65157
23356.727882,0.0,370.102971,11797.870669
23356.728199,0.0,296.082377,11491.43247
23356.728516,0.0,888.24713,11874.480219
23356.728832,-296.082377,370.102971,11644.65157
23356.729149,0.0,222.061783,11644.65157
23356.729466,0.0,444.123565,11797.870669
23356.729783,0.0,296.082377,11721.261119
23356.7301,0.0,888.24713,10035.851024
23356.730417,0.0,444.123565,11644.65157
23356.730734,-148.041188,444.123565,11414.82292
23356.731051,-148.041188,518.144159,11644.65157
23356.731368,0.0,444.123565,11644.65157
23356.731685,-148.041188,444.123565,11414.82292
23356.732002,0.0,518.144159,11491.43247
23356.732319,0.0,296.082377,11644.65157
23356.732636,0.0,296.082377,11721.261119
23356.732953,444.123565,296.082377,11797.870669
23356.73327,-148.041188,518.144159,11721.261119
23356.733587,0.0,444.123565,11874.480219
23356.733903,0.0,518.144159,11568.04202
23356.73422,0.0,518.144159,11644.65157
23356.734537,592.164754,0.0,10035.851024
23356.734854,74.020594,222.061783,11491.43247
23356.735171,0.0,444.123565,11338.21337
23356.735488,148.041188,222.061783,11491.43247
23356.735805,0.0,444.123565,11491.43247
23356.736122,-296.082377,962.267725,11491.43247
23356.736439,0.0,370.102971,11491.43247
23356.736756,0.0,444.123565,11491.43247
23356.737073,0.0,222.061783,11568.04202
23356.73739,0.0,444.123565,12487.356617
23356.737707,-148.041188,296.082377,11644.65157
23356.738024,0.0,370.102971,11644.65157
23356.738341,0.0,296.082377,11491.43247
23356.738658,-222.061783,444.123565,11568.04202
23356.738975,-370.102971,444.123565,12257.527968
23356.739291,0.0,592.164754,11491.43247
23356.739608,0.0,296.082377,11644.65157
23356.739925,0.0,444.123565,11644.65157
23356.740242,-148.041188,444.123565,11491.43247
23356.740559,0.0,592.164754,12870.404366
23356.740876,0.0,518.144159,11644.65157
23356.741193,-148.041188,370.102971,11491.43247
23356.74151,0.0,518.144159,11721.261119
23356.741827,0.0,444.123565,11721.261119
23356.742144,222.061783,962.267725,11721.261119
23356.742461,0.0,518.144159,11491.43247
23356.742778,0.0,592.164754,11644.65157
23356.743095,-296.082377,740.205942,11721.261119
23356.743412,0.0,296.082377,11721.261119
23356.743729,222.061783,296.082377,11338.21337
23356.744046,-148.041188,444.123565,11644.65157
23356.744363,0.0,370.102971,11568.04202
23356.74468,0.0,518.144159,11568.04202
23356.744997,0.0,0.0,11491.43247
23356.745314,74.020594,370.102971,11414.82292
23356.745631,0.0,592.164754,11568.04202
23356.745948,0.0,444.123565,11491.43247
23356.746265,0.0,296.082377,11568.04202
23356.746582,0.0,814.226536,10878.556072
23356.746899,0.0,592.164754,11568.04202
23356.747216,0.0,444.123565,11414.82292
23356.747533,0.0,370.102971,11414.82292
23356.74785,0.0,444.123565,11491.43247
23356.748166,740.205942,0.0,11951.089769
23356.748483,0.0,518.144159,11874.480219
23356.7488,0.0,444.123565,11568.04202
23356.749117,74.020594,370.102971,11797.870669
23356.749434,0.0,222.061783,11797.870669
23356.749751,0.0,-444.123565,12180.918418
23356.750068,-148.041188,296.082377,11644.65157
23356.750385,0.0,444.123565,11644.65157
23356.750702,0.0,444.123565,11414.82292
23356.751019,0.0,444.123565,11491.43247
23356.751336,-888.24713,814.226536,11644.65157
23356.751653,0.0,518.144159,11491.43247
23356.75197,0.0,370.102971,11491.43247
23356.752287,0.0,296.082377,11568.04202
23356.752604,-222.061783,592.164754,12334.137518
23356.752921,0.0,518.144159,11644.65157
23356.753238,-148.041188,518.144159,11644.65157
23356.753555,-296.082377,444.123565,11721.261119
23356.753872,0.0,370.102971,11491.43247
23356.754189,-148.041188,-444.123565,11797.870669
23356.754506,74.020594,222.061783,11721.261119
23356.754823,0.0,444.123565,11568.04202
23356.75514,-148.041188,592.164754,11721.261119
23356.755457,0.0,592.164754,11491.43247
23356.755774,0.0,222.061783,11721.261119
23356.756091,0.0,370.102971,11491.43247
23356.756408,0.0,370.102971,11261.603821
23356.756724,0.0,296.082377,11568.04202
23356.757041,0.0,444.123565,11491.43247
23356.757358,-666.185348,1036.288319,11261.603821
23356.757675,0.0,444.123565,11644.65157
23356.757992,0.0,370.102971,11338.21337
23356.758309,0.0,592.164754,11491.43247
23356.758626,-74.020594,444.123565,11568.04202
23356.758943,0.0,296.082377,11491.43247
23356.75926,0.0,370.102971,11491.43247
23356.759577,0.0,518.144159,11721.261119
23356.759894,0.0,666.185348,11797.870669
23356.760211,0.0,666.185348,11874.480219
23356.760528,-148.041188,592.164754,11797.870669
23356.760845,-222.061783,370.102971,11414.82292
23356.761162,0.0,296.082377,11951.089769
23356.761479,0.0,370.102971,11644.65157
23356.761796,0.0,1184.329507,11491.43247
23356.762113,0.0,518.144159,11721.261119
23356.76243,0.0,370.102971,11644.65157
23356.762747,0.0,222.061783,11414.82292
23356.763064,0.0,444.123565,11874.480219
23356.763381,-370.102971,296.082377,11568.04202
23356.763698,-148.041188,444.123565,11568.04202
23356.764015,0.0,222.061783,11568.04202
23356.764332,0.0,222.061783,11491.43247
23356.764649,444.123565,74.020594,11644.65157
23356.764966,-148.041188,370.102971,11644.65157
23356.765283,0.0,296.082377,11491.43247
23356.765599,0.0,444.123565,11491.43247
23356.765916,-222.061783,518.144159,11721.261119
23356.766233,-444.123565,370.102971,12717.185267
23356.76655,-222.061783,592.164754,11644.65157
23356.766867,0.0,444.123565,11874.480219
23356.767184,0.0,444.123565,11414.82292
23356.767501,0.0,518.144159,11491.43247
23356.767818,-666.185348,814.226536,10572.117872
23356.768135,-148.041188,370.102971,11568.04202
23356.768452,-148.041188,370.102971,11491.43247
23356.768769,0.0,518.144159,11414.82292
23356.769086,0.0,444.123565,11721.261119
23356.769403,0.0,370.102971,11184.994271
23356.76972,0.0,518.144159,11644.65157
23356.770037,0.0,444.123565,11491.43247
23356.770354,0.0,444.123565,11644.65157
23356.770671,296.082377,74.020594,12027.699319
23356.770988,0.0,444.123565,11721.261119
23356.771305,-148.041188,444.123565,11414.82292
23356.771622,0.0,370.102971,11491.43247
23356.771939,0.0,814.226536,11491.43247
23356.772256,1628.453072,2368.659014,10955.165621
23356.772573,4589.27684,0.0,9652.803275
23356.77289,6217.729913,2368.659014,10648.727422
23356.773207,6513.81229,740.205942,13330.061665
23356.773524,4663.297435,4515.256246,13713.109414
23356.773841,0.0,5995.66813,13789.718964
23356.774157,-3701.02971,5477.523971,15015.471761
23356.774474,-7994.224174,3108.864956,13023.623466
23356.774791,-9178.553681,148.041188,12334.137518
23356.775108,-8364.327145,-3627.009116,12027.699319
23356.775425,-6217.729913,-5847.626942,8503.660028
23356.775742,-3034.844362,-7550.100608,5362.668486
23356.776059,1110.308913,-7550.100608,5515.887586
23356.776376,3923.091493,-4293.194464,8733.488677
23356.776693,2516.700203,1924.535449,14402.595362
23356.77701,740.205942,5773.606348,17773.415554
23356.777327,-2294.63842,6587.832884,17850.025103
23356.777644,-4441.235652,5107.421,16011.395908
23356.777961,-3478.967927,0.0,13789.718964
23356.778278,-2220.617826,-3849.070898,9346.365076
23356.778595,-370.102971,-6365.771101,5592.497135
23356.778912,1776.494261,-5329.482782,5975.544884
23356.779229,3775.050304,-2812.78258,8044.002729
23356.779546,5477.523971,888.24713,11644.65157
23356.779863,4441.235652,5181.441594,14325.985813
23356.78018,3478.967927,7402.05942,16777.491406
23356.780497,1554.432478,7328.038826,17160.539155
23356.780814,-444.123565,5625.565159,15934.786358
23356.781131,-1036.288319,1184.329507,14632.424012
23356.781448,-1480.411884,-1924.535449,8044.002729
23356.781765,-222.061783,-3849.070898,5209.449386
23356.782082,1406.39129,-4219.173869,5362.668486
23356.782399,2960.823768,-3701.02971,7814.17408
23356.782716,2664.741391,-592.164754,11568.04202
23356.783032,2442.679609,2442.679609,15628.348159
23356.783349,222.061783,4367.215058,17007.320056
23356.783666,-2220.617826,4737.318029,17390.367805
23356.783983,-5255.462188,5107.421,15092.081311
23356.7843,-5699.585753,962.267725,10801.946522
23356.784617,-4737.318029,-2442.679609,7890.783629
23356.784934,-4145.153275,-3849.070898,6818.249932
23356.785251,-2886.803174,-3256.906145,6741.640382
23356.785568,-888.24713,-2886.803174,9039.926876
23356.785885,-592.164754,370.102971,11797.870669
23356.786202,-148.041188,2590.720797,14632.424012
23356.786519,0.0,4737.318029,15858.176809
23356.786836,-222.061783,4811.338623,16164.615008
23356.787153,-1258.350101,3701.02971,14172.766713
23356.78747,1110.308913,666.185348,11414.82292
23356.787787,2072.576638,-1480.411884,8810.098227
23356.788104,2738.761985,-2516.700203,7890.783629
23356.788421,3256.906145,-2590.720797,8810.098227
23356.788738,3701.02971,-1702.473667,9652.803275
23356.789055,3182.885551,370.102971,12027.699319
23356.789372,2368.659014,2146.597232,14096.157163
23356.789689,1628.453072,2812.78258,15015.471761
23356.790006,148.041188,3701.02971,14249.376263
23356.790323,-1036.288319,2368.659014,12793.794817
23356.79064,-1628.453072,666.185348,10725.336972
23356.790957,-1554.432478,-1110.308913,8963.317327
23356.791274,-1258.350101,-2368.659014,8656.879127
23356.79159,-814.226536,-2368.659014,11261.603821
23356.791907,-1332.370696,-1628.453072,10878.556072
23356.792224,-1628.453072,-148.041188,12563.966167
23356.792541,-1998.556043,1332.370696,13636.499864
23356.792858,-2368.659014,2294.63842,13483.280765
23356.793175,-2738.761985,2368.659014,12793.794817
23356.793492,-1406.39129,666.185348,10955.165621
23356.793809,-740.205942,-370.102971,10035.851024
23356.794126,0.0,-962.267725,9576.193725
23356.794443,592.164754,-1406.39129,10418.898773
23356.79476,814.226536,-740.205942,11261.603821
23356.795077,592.164754,444.123565,11951.089769
23356.795394,740.205942,1628.453072,13023.623466
23356.795711,592.164754,2146.597232,13253.452115
23356.796028,296.082377,1850.514855,12947.013916
23356.796345,592.164754,1850.514855,12027.699319
23356.796662,1036.288319,1036.288319,11031.775171
23356.796979,1110.308913,222.061783,10648.727422
23356.797296,1184.329507,-222.061783,10572.117872
23356.797613,962.267725,0.0,11184.994271
23356.79793,666.185348,296.082377,11721.261119
23356.798247,222.061783,814.226536,12563.966167
23356.798564,-222.061783,1110.308913,12563.966167
23356.798881,-370.102971,1036.288319,12257.527968
23356.799198,-666.185348,370.102971,11797.870669
23356.799515,-296.082377,-222.061783,10801.946522
23356.799832,-370.102971,-370.102971,10725.336972
23356.800149,-296.082377,-740.205942,10878.556072
23356.800465,-518.144159,-814.226536,11261.603821
23356.800782,-370.102971,-370.102971,12487.356617
23356.801099,-1628.453072,296.082377,12027.699319
23356.801416,-1480.411884,370.102971,12104.308868
23356.801733,-1702.473667,814.226536,11644.65157
23356.80205,-1110.308913,814.226536,11261.603821
23356.802367,0.0,296.082377,11721.261119
23356.802684,148.041188,148.041188,11031.775171
23356.803001,370.102971,222.061783,10878.556072
23356.803318,518.144159,666.185348,11031.775171
23356.803635,518.144159,888.24713,11568.04202
23356.803952,888.24713,666.185348,11874.480219
23356.804269,814.226536,814.226536,12027.699319
23356.804586,518.144159,814.226536,11951.089769
23356.804903,592.164754,962.267725,11261.603821
23356.80522,1036.288319,222.061783,11031.775171
23356.805537,1184.329507,0.0,11031.775171
23356.805854,814.226536,296.082377,10955.165621
23356.806171,1036.288319,74.020594,11031.775171
23356.806488,222.061783,0.0,12104.308868
23356.806805,-296.082377,592.164754,12334.137518
23356.807122,-296.082377,888.24713,12257.527968
23356.807439,-1036.288319,592.164754,12027.699319
23356.807756,-1480.411884,222.061783,12180.918418
23356.808073,-1184.329507,0.0,11414.82292
23356.80839,-444.123565,0.0,11414.82292
23356.808707,-666.185348,74.020594,11568.04202
23356.809023,-518.144159,222.061783,11568.04202
23356.80934,-592.164754,518.144159,11568.04202
23356.809657,-444.123565,1036.288319,11874.480219
23356.809974,-1036.288319,740.205942,10801.946522
23356.810291,-296.082377,888.24713,12257.527968
23356.810608,0.0,814.226536,11874.480219
23356.810925,-222.061783,814.226536,11338.21337
23356.811242,148.041188,370.102971,10955.165621
23356.811559,370.102971,-444.123565,10955.165621
23356.811876,518.144159,0.0,10955.165621
23356.812193,592.164754,592.164754,11414.82292
23356.81251,370.102971,888.24713,11721.261119
23356.812827,296.082377,1332.370696,12257.527968
23356.813144,222.061783,1036.288319,12257.527968
23356.813461,74.020594,740.205942,11797.870669
23356.813778,296.082377,296.082377,11644.65157
23356.814095,296.082377,-148.041188,11414.82292
23356.814412,296.082377,0.0,12334.137518
23356.814729,148.041188,-370.102971,11108.384721
23356.815046,0.0,-222.061783,10955.165621
23356.815363,0.0,0.0,11568.04202
23356.81568,-444.123565,148.041188,12027.699319
23356.815997,-518.144159,888.24713,12410.747068
23356.816314,-740.205942,740.205942,12334.137518
23356.816631,-740.205942,444.123565,11951.089769
23356.816948,-592.164754,296.082377,11797.870669
23356.817265,-592.164754,222.061783,11108.384721
23356.817582,-592.164754,222.061783,10725.336972
23356.817898,-296.082377,74.020594,11568.04202
23356.818215,-296.082377,518.144159,11414.82292
23356.818532,-370.102971,888.24713,11644.65157
23356.818849,518.144159,444.123565,12180.918418
23356.819166,-148.041188,1332.370696,11874.480219
23356.819483,0.0,1258.350101,12104.308868
23356.8198,296.082377,1110.308913,11797.870669
23356.820117,222.061783,592.164754,11414.82292
23356.820434,666.185348,148.041188,10265.679673
23356.820751,666.185348,222.061783,11108.384721
23356.821068,666.185348,296.082377,11261.603821
23356.821385,444.123565,444.123565,11414.82292
23356.821702,148.041188,592.164754,11874.480219
23356.822019,222.061783,518.144159,12257.527968
23356.822336,-296.082377,592.164754,11491.43247
23356.822653,-370.102971,296.082377,11491.43247
23356.82297,-444.123565,74.020594,11414.82292
23356.823287,0.0,0.0,11951.089769
23356.823604,-592.164754,-148.041188,10725.336972
23356.823921,-370.102971,0.0,11261.603821
23356.824238,-592.164754,74.020594,11491.43247
23356.824555,-592.164754,370.102971,11338.21337
23356.824872,-222.061783,0.0,11568.04202
23356.825189,-370.102971,666.185348,11874.480219
23356.825506,-222.061783,296.082377,11951.089769
23356.825823,-148.041188,444.123565,11491.43247
23356.82614,222.061783,148.041188,11338.21337
23356.826456,0.0,444.123565,11261.603821
23356.826773,74.020594,444.123565,11261.603821
23356.82709,74.020594,518.144159,11338.21337
23356.827407,148.041188,814.226536,11874.480219
23356.827724,222.061783,1036.288319,12257.527968
23356.828041,-148.041188,1258.350101,12180.918418
23356.828358,148.041188,666.185348,11721.261119
23356.828675,222.061783,444.123565,11568.04202
23356.828992,74.020594,518.144159,11797.870669
23356.829309,222.061783,296.082377,11951.089769
23356.829626,0.0,222.061783,11108.384721
23356.829943,0.0,296.082377,11491.43247
23356.83026,0.0,222.061783,11721.261119
23356.830577,-222.061783,370.102971,11874.480219
23356.830894,0.0,518.144159,12487.356617
23356.831211,-370.102971,296.082377,11874.480219
23356.831528,-222.061783,74.020594,11721.261119
23356.831845,-148.041188,74.020594,11491.43247
23356.832162,-296.082377,222.061783,11338.21337
23356.832479,0.0,370.102971,10878.556072
23356.832796,-148.041188,444.123565,11491.43247
23356.833113,-296.082377,592.164754,11644.65157
23356.83343,0.0,518.144159,11644.65157
23356.833747,518.144159,222.061783,12334.137518
23356.834064,0.0,666.185348,11338.21337
23356.834381,0.0,518.144159,11644.65157
23356.834698,148.041188,666.185348,11491.43247
23356.835014,148.041188,518.144159,11338.21337
23356.835331,222.061783,888.24713,13176.842566
23356.835648,74.020594,518.144159,11184.994271
23356.835965,148.041188,370.102971,11414.82292
23356.836282,0.0,444.123565,11797.870669
23356.836599,148.041188,444.123565,11568.04202
23356.836916,0.0,0.0,11184.994271
23356.837233,0.0,296.082377,11644.65157
23356.83755,0.0,370.102971,11568.04202
23356.837867,-222.061783,296.082377,11568.04202
23356.838184,-444.123565,518.144159,12027.699319
23356.838501,-592.164754,222.061783,11874.480219
23356.838818,-370.102971,222.061783,11644.65157
23356.839135,-222.061783,370.102971,11721.261119
23356.839452,-222.061783,444.123565,11644.65157
23356.839769,222.061783,0.0,11644.65157
